90
76
12
90
90
90
90
90
76
12
90
90
90
90
90
76
12
90
90
90
90
90
76
12
90
90
90
90
90
78
12
90
90
90
90
90
76
12
90
90
90
90
90
76
12
90
90
90
90
90
76
12
90
90
90
90
90
76
12
90
90
90
90
90
78
12
90
90
90
90
90
76
12
90
90
90
90
90
76
12
90
90
90
90
90
76
12
90
90
90
90
90
76
12
90
90
90
90
90
76
12
90
90
90
90
90
76
12
90
90
90
90
90
78
12
90
90
90
90
90
76
12
90
90

90
90
90
76
12
90
90
90
90
90
76
12
90
90
90
90
90
76
12
90
90
90
90
90
76
12
90
90
90
90
90
78
12
90
90
90
90
90
76
12
90
90
90
90
90
76
12
90
90
90
90
90
76
12