[170, 85, 134, 40, 237, 112, 199, 142, 202, 217, 232, 36, 216, 36, 196, 36, 132, 36, 60, 36, 24, 36, 0, 0, 0, 0, 170, 91, 6, 3, 240, 2, 244, 2, 252, 2, 0, 0, 174, 3, 78, 3, 62, 3, 50, 3, 48, 3, 86, 3, 0, 0, 0, 0, 0, 0, 0, 0, 42, 11, 108, 11, 0, 0, 0, 0, 0, 0, 0, 0, 0, 0, 0, 0, 0, 0, 0, 0, 0, 0, 0, 0, 0, 0, 0, 0, 0, 0, 0, 0]
[170, 85, 14, 34, 133, 143, 223, 168, 26, 86, 0, 0, 0, 0, 0, 0, 0, 0, 0, 0, 0, 0, 0, 0, 0, 0, 0, 0, 0, 0, 0, 0, 0, 0, 0, 0, 0, 0, 0, 0, 0, 0, 0, 0, 0, 0, 150, 8, 156, 8, 168, 8, 184, 8, 196, 8, 212, 8, 0, 0, 0, 0, 0, 0, 0, 0, 0, 0, 238, 6, 0, 0, 0, 0, 0, 0, 0, 0]
[170, 85, 255, 1, 159, 169, 159, 169, 85, 84, 0, 0]
[170, 85, 42, 40, 93, 170, 51, 20, 217, 245, 186, 220, 41, 222, 156, 223, 40, 224, 0, 0, 0, 0, 0, 0, 0, 0, 0, 0, 0, 0, 234, 2, 0, 0, 0, 0, 74, 12, 0, 0, 0, 0, 0, 0, 0, 0, 0, 0, 0, 0, 0, 0, 0, 0, 0, 0, 0, 0, 0, 0, 0, 0, 0, 0, 0, 0, 0, 0, 182, 9, 144, 9, 220, 9, 40, 10, 0, 0, 150, 13, 216, 12, 180, 12, 148, 12, 56, 12, 52, 11]
[170, 85, 66, 40, 253, 20, 205, 50, 109, 86, 12, 11, 20, 11, 28, 11, 172, 10, 160, 10, 92, 10, 52, 10, 12, 10, 20, 10, 40, 10, 68, 10, 0, 0, 0, 0, 0, 0, 0, 0, 0, 0, 0, 0, 142, 30, 0, 0, 20, 29, 20, 28, 0, 0, 14, 20, 240, 19, 244, 19, 172, 19, 89, 18, 6, 17, 224, 16, 22, 14, 72, 14, 0, 0, 0, 0, 0, 0, 0, 0, 0, 0, 0, 0, 104, 13, 0, 0, 0, 0]
[170, 85, 34, 40, 153, 51, 125, 81, 194, 79, 0, 0, 0, 0, 10, 17, 112, 17, 0, 0, 0, 0, 0, 0, 0, 0, 0, 0, 0, 0, 0, 0, 0, 0, 0, 0, 0, 0, 0, 0, 0, 0, 0, 0, 0, 0, 0, 0, 0, 0, 50, 64, 0, 0, 0, 0, 0, 0, 0, 0, 0, 0, 0, 0, 0, 0, 94, 54, 190, 40, 0, 0, 0, 0, 246, 53, 136, 53, 100, 53, 40, 56, 112, 54, 184, 52, 0, 53, 252, 52]
[170, 85, 154, 40, 59, 82, 33, 112, 21, 79, 24, 49, 232, 49, 184, 50, 156, 50, 172, 50, 196, 51, 0, 0, 0, 0, 220, 54, 176, 54, 148, 54, 0, 0, 0, 0, 0, 0, 0, 0, 0, 0, 0, 0, 0, 0, 0, 0, 0, 0, 0, 0, 0, 0, 0, 0, 0, 0, 0, 0, 0, 0, 0, 0, 0, 0, 0, 0, 0, 0, 0, 0, 0, 0, 0, 0, 0, 0, 0, 0, 58, 39, 177, 38, 40, 38, 156, 37, 68, 37]
[170, 85, 134, 40, 223, 112, 199, 142, 234, 218, 228, 36, 216, 36, 200, 36, 132, 36, 68, 36, 20, 36, 0, 0, 0, 0, 138, 91, 6, 3, 240, 2, 248, 2, 252, 2, 0, 0, 174, 3, 78, 3, 62, 3, 50, 3, 48, 3, 0, 0, 0, 0, 0, 0, 0, 0, 0, 0, 42, 11, 112, 11, 0, 0, 0, 0, 0, 0, 0, 0, 0, 0, 0, 0, 0, 0, 0, 0, 0, 0, 0, 0, 0, 0, 0, 0, 0, 0, 0, 0]
[170, 85, 14, 34, 147, 143, 237, 168, 230, 80, 0, 0, 0, 0, 0, 0, 0, 0, 0, 0, 0, 0, 0, 0, 0, 0, 0, 0, 0, 0, 0, 0, 0, 0, 0, 0, 0, 0, 0, 0, 0, 0, 0, 0, 0, 0, 150, 8, 156, 8, 172, 8, 184, 8, 196, 8, 212, 8, 0, 0, 0, 0, 0, 0, 0, 0, 0, 0, 238, 6, 220, 6, 0, 0, 0, 0, 0, 0]
[170, 85, 255, 1, 171, 169, 171, 169, 85, 84, 0, 0]
[170, 85, 42, 40, 121, 170, 109, 20, 103, 198, 170, 223, 137, 223, 100, 223, 216, 223, 0, 0, 0, 0, 0, 0, 0, 0, 0, 0, 0, 0, 242, 2, 0, 0, 0, 0, 62, 12, 0, 0, 0, 0, 0, 0, 0, 0, 0, 0, 0, 0, 0, 0, 0, 0, 0, 0, 0, 0, 0, 0, 0, 0, 0, 0, 0, 0, 0, 0, 166, 9, 156, 9, 228, 9, 48, 10, 46, 14, 156, 13, 208, 12, 176, 12, 144, 12, 36, 12, 40, 11]
[170, 85, 66, 40, 43, 21, 3, 51, 155, 112, 0, 11, 16, 11, 32, 11, 164, 10, 128, 10, 76, 10, 44, 10, 16, 10, 20, 10, 44, 10, 68, 10, 0, 0, 0, 0, 0, 0, 0, 0, 0, 0, 0, 0, 26, 30, 0, 0, 156, 28, 232, 27, 0, 0, 2, 20, 228, 19, 200, 19, 156, 19, 77, 18, 250, 16, 192, 16, 34, 14, 0, 0, 0, 0, 0, 0, 0, 0, 0, 0, 0, 0, 0, 0, 0, 0, 202, 34, 0, 0]
[170, 85, 34, 40, 207, 51, 193, 81, 129, 39, 0, 0, 0, 0, 38, 17, 0, 0, 0, 0, 0, 0, 0, 0, 222, 44, 0, 0, 0, 0, 0, 0, 0, 0, 0, 0, 0, 0, 0, 0, 0, 0, 0, 0, 0, 0, 0, 0, 0, 0, 0, 0, 0, 0, 0, 0, 0, 0, 0, 0, 92, 43, 9, 49, 186, 54, 68, 54, 206, 40, 0, 0, 0, 0, 202, 53, 0, 0, 168, 54, 228, 52, 212, 52, 192, 52, 192, 52, 200, 52]
[170, 85, 154, 40, 127, 82, 127, 112, 185, 63, 52, 50, 112, 50, 172, 50, 164, 50, 156, 50, 204, 56, 124, 55, 48, 54, 116, 54, 172, 54, 0, 0, 0, 0, 0, 0, 0, 0, 0, 0, 0, 0, 0, 0, 0, 0, 0, 0, 0, 0, 0, 0, 0, 0, 0, 0, 0, 0, 0, 0, 0, 0, 0, 0, 0, 0, 0, 0, 0, 0, 0, 0, 0, 0, 18, 78, 0, 0, 0, 0, 254, 38, 113, 38, 228, 37, 116, 37, 12, 37]
[170, 85, 134, 40, 77, 113, 65, 143, 43, 221, 124, 37, 12, 37, 152, 36, 100, 36, 48, 36, 248, 35, 0, 0, 158, 90, 0, 0, 248, 2, 236, 2, 0, 0, 0, 0, 150, 3, 124, 3, 58, 3, 53, 3, 48, 3, 60, 3, 0, 0, 0, 0, 0, 0, 0, 0, 86, 11, 36, 11, 94, 3, 0, 0, 0, 0, 0, 0, 0, 0, 0, 0, 0, 0, 0, 0, 0, 0, 0, 0, 0, 0, 0, 0, 0, 0, 0, 0, 0, 0]
[170, 85, 14, 33, 255, 143, 155, 168, 200, 93, 0, 0, 0, 0, 0, 0, 0, 0, 0, 0, 0, 0, 0, 0, 0, 0, 0, 0, 0, 0, 0, 0, 0, 0, 0, 0, 0, 0, 0, 0, 0, 0, 0, 0, 142, 8, 156, 8, 164, 8, 176, 8, 192, 8, 208, 8, 244, 8, 0, 0, 0, 0, 0, 0, 0, 0, 210, 6, 224, 6, 216, 6, 0, 0, 0, 0]
[170, 85, 255, 1, 91, 169, 91, 169, 85, 84, 0, 0]
[170, 85, 42, 40, 39, 170, 27, 20, 170, 25, 206, 218, 28, 222, 116, 222, 204, 222, 4, 221, 0, 0, 0, 0, 0, 0, 0, 0, 0, 0, 230, 2, 0, 0, 0, 0, 0, 0, 50, 12, 0, 0, 0, 0, 0, 0, 0, 0, 0, 0, 0, 0, 0, 0, 0, 0, 0, 0, 0, 0, 0, 0, 0, 0, 0, 0, 0, 0, 238, 9, 156, 9, 88, 10, 0, 0, 0, 0, 154, 13, 40, 13, 172, 12, 128, 12, 88, 12, 64, 11]
[170, 85, 66, 40, 217, 20, 203, 50, 207, 120, 16, 11, 224, 10, 228, 10, 228, 10, 164, 10, 80, 10, 8, 10, 12, 10, 16, 10, 32, 10, 60, 10, 84, 10, 0, 0, 0, 0, 0, 0, 0, 0, 0, 0, 0, 0, 0, 0, 110, 29, 44, 28, 0, 0, 0, 0, 236, 19, 0, 20, 176, 19, 116, 19, 49, 18, 242, 16, 14, 14, 64, 14, 0, 0, 0, 0, 0, 0, 0, 0, 0, 0, 0, 0, 0, 0, 0, 0, 138, 38]
[170, 85, 34, 40, 137, 51, 131, 81, 180, 124, 0, 0, 14, 17, 53, 17, 96, 17, 0, 0, 0, 0, 0, 0, 0, 0, 0, 0, 0, 0, 0, 0, 0, 0, 0, 0, 0, 0, 0, 0, 0, 0, 0, 0, 0, 0, 0, 0, 0, 0, 58, 64, 0, 0, 0, 0, 0, 0, 0, 0, 0, 0, 138, 42, 106, 48, 74, 54, 178, 40, 0, 0, 162, 56, 17, 55, 128, 53, 96, 53, 40, 56, 128, 53, 64, 53, 0, 53, 244, 52]
[170, 85, 154, 40, 67, 82, 59, 112, 74, 65, 28, 49, 40, 52, 92, 51, 140, 50, 172, 50, 0, 0, 240, 56, 236, 55, 232, 54, 164, 54, 0, 0, 0, 0, 0, 0, 0, 0, 0, 0, 0, 0, 0, 0, 0, 0, 0, 0, 0, 0, 0, 0, 0, 0, 0, 0, 0, 0, 0, 0, 0, 0, 0, 0, 0, 0, 0, 0, 0, 0, 0, 0, 0, 0, 0, 0, 0, 0, 0, 0, 42, 39, 148, 38, 20, 38, 148, 37, 36, 37]
[170, 85, 134, 40, 9, 113, 253, 142, 124, 255, 96, 37, 236, 36, 176, 36, 116, 36, 68, 36, 4, 36, 116, 37, 0, 0, 234, 91, 254, 2, 236, 2, 240, 2, 57, 3, 134, 3, 140, 3, 58, 3, 49, 3, 52, 3, 56, 3, 0, 0, 0, 0, 0, 0, 0, 0, 158, 11, 44, 11, 86, 3, 0, 0, 0, 0, 0, 0, 0, 0, 0, 0, 0, 0, 0, 0, 0, 0, 0, 0, 0, 0, 0, 0, 0, 0, 0, 0, 0, 0]
[170, 85, 14, 33, 201, 143, 123, 168, 42, 83, 0, 0, 0, 0, 0, 0, 0, 0, 0, 0, 0, 0, 0, 0, 0, 0, 0, 0, 0, 0, 0, 0, 0, 0, 0, 0, 0, 0, 0, 0, 0, 0, 0, 0, 0, 0, 154, 8, 164, 8, 176, 8, 188, 8, 208, 8, 224, 8, 0, 0, 0, 0, 0, 0, 0, 0, 0, 0, 230, 6, 216, 6, 0, 0, 0, 0]
[170, 85, 255, 1, 59, 169, 59, 169, 85, 84, 0, 0]
[170, 85, 42, 40, 9, 170, 1, 20, 245, 39, 206, 218, 168, 224, 176, 222, 112, 222, 52, 222, 0, 0, 0, 0, 0, 0, 0, 0, 0, 0, 238, 2, 0, 0, 0, 0, 0, 0, 34, 12, 0, 0, 0, 0, 0, 0, 0, 0, 0, 0, 0, 0, 0, 0, 0, 0, 0, 0, 0, 0, 0, 0, 0, 0, 166, 5, 0, 0, 206, 9, 160, 9, 76, 10, 36, 10, 221, 11, 150, 13, 72, 13, 180, 12, 144, 12, 236, 11, 72, 11]
[170, 85, 66, 40, 191, 20, 189, 50, 14, 103, 20, 11, 228, 10, 20, 11, 220, 10, 164, 10, 80, 10, 8, 10, 8, 10, 20, 10, 28, 10, 56, 10, 76, 10, 0, 0, 0, 0, 0, 0, 0, 0, 0, 0, 210, 30, 45, 30, 132, 29, 60, 28, 136, 27, 14, 20, 5, 20, 248, 19, 184, 19, 120, 19, 28, 19, 0, 0, 10, 14, 56, 14, 0, 0, 0, 0, 0, 0, 0, 0, 0, 0, 0, 0, 0, 0, 0, 0, 134, 38]
[170, 85, 34, 40, 125, 51, 117, 81, 188, 123, 0, 0, 98, 17, 228, 16, 0, 0, 0, 0, 8, 16, 0, 0, 0, 0, 0, 0, 0, 0, 0, 0, 0, 0, 0, 0, 0, 0, 0, 0, 0, 0, 0, 0, 0, 0, 0, 0, 0, 0, 102, 64, 0, 0, 0, 0, 0, 0, 206, 41, 0, 0, 220, 42, 0, 0, 0, 0, 212, 40, 188, 41, 94, 56, 8, 54, 180, 53, 96, 53, 40, 56, 168, 53, 156, 52, 204, 52, 252, 52]
[170, 85, 154, 40, 53, 82, 45, 112, 200, 8, 160, 49, 232, 52, 196, 50, 184, 50, 176, 50, 108, 51, 248, 56, 0, 0, 0, 0, 172, 54, 152, 54, 0, 0, 0, 0, 0, 0, 0, 0, 0, 0, 0, 0, 0, 0, 0, 0, 0, 0, 0, 0, 0, 0, 0, 0, 0, 0, 0, 0, 0, 0, 0, 0, 0, 0, 0, 0, 0, 0, 0, 0, 0, 0, 194, 76, 0, 0, 0, 0, 50, 39, 160, 38, 28, 38, 164, 37, 44, 37]
[170, 85, 134, 40, 251, 112, 249, 142, 155, 174, 28, 37, 244, 36, 200, 36, 132, 36, 64, 36, 20, 36, 60, 37, 0, 0, 0, 0, 254, 2, 236, 2, 240, 2, 0, 0, 0, 0, 146, 3, 58, 3, 49, 3, 44, 3, 0, 0, 0, 0, 0, 0, 0, 0, 0, 0, 0, 0, 46, 11, 0, 0, 0, 0, 0, 0, 0, 0, 0, 0, 0, 0, 0, 0, 0, 0, 0, 0, 0, 0, 0, 0, 0, 0, 0, 0, 0, 0, 0, 0]
[170, 85, 14, 33, 197, 143, 109, 168, 64, 83, 0, 0, 0, 0, 0, 0, 0, 0, 0, 0, 0, 0, 0, 0, 0, 0, 0, 0, 0, 0, 0, 0, 0, 0, 0, 0, 0, 0, 0, 0, 0, 0, 0, 0, 0, 0, 0, 0, 162, 8, 172, 8, 188, 8, 200, 8, 0, 0, 0, 0, 0, 0, 0, 0, 0, 0, 0, 0, 234, 6, 220, 6, 0, 0, 0, 0]
[170, 85, 255, 1, 45, 169, 45, 169, 85, 84, 0, 0]
[170, 85, 42, 40, 251, 169, 247, 19, 57, 194, 110, 221, 100, 223, 188, 222, 8, 222, 0, 0, 0, 0, 0, 0, 0, 0, 0, 0, 0, 0, 0, 0, 0, 0, 0, 0, 0, 0, 0, 0, 0, 0, 0, 0, 0, 0, 0, 0, 0, 0, 0, 0, 0, 0, 0, 0, 0, 0, 0, 0, 0, 0, 0, 0, 158, 5, 0, 0, 0, 0, 158, 9, 68, 10, 40, 10, 96, 10, 221, 11, 90, 13, 184, 12, 148, 12, 108, 12, 192, 11]
[170, 85, 66, 40, 195, 20, 175, 50, 238, 85, 24, 11, 228, 10, 20, 11, 12, 11, 172, 10, 76, 10, 8, 10, 12, 10, 16, 10, 36, 10, 56, 10, 80, 10, 0, 0, 0, 0, 0, 0, 0, 0, 0, 0, 218, 30, 0, 0, 0, 0, 68, 28, 144, 27, 22, 20, 236, 19, 208, 19, 180, 19, 120, 19, 128, 19, 242, 16, 150, 15, 58, 14, 0, 0, 0, 0, 0, 0, 0, 0, 0, 0, 0, 0, 0, 0, 0, 0, 0, 0]
[170, 85, 34, 40, 123, 51, 117, 81, 128, 102, 0, 0, 154, 17, 224, 16, 88, 17, 164, 16, 244, 15, 0, 0, 0, 0, 0, 0, 0, 0, 0, 0, 0, 0, 0, 0, 0, 0, 0, 0, 0, 0, 0, 0, 0, 0, 0, 0, 0, 0, 102, 64, 0, 0, 0, 0, 0, 0, 0, 0, 0, 0, 226, 42, 0, 0, 90, 54, 10, 48, 190, 41, 126, 56, 4, 54, 124, 53, 208, 54, 36, 56, 168, 53, 160, 52, 224, 52, 4, 51]
[170, 85, 154, 40, 53, 82, 59, 112, 78, 62, 44, 49, 184, 52, 184, 50, 156, 50, 68, 51, 236, 51, 236, 56, 0, 0, 232, 54, 0, 0, 0, 0, 0, 0, 0, 0, 0, 0, 0, 0, 0, 0, 0, 0, 0, 0, 0, 0, 0, 0, 0, 0, 0, 0, 0, 0, 0, 0, 0, 0, 0, 0, 0, 0, 0, 0, 0, 0, 0, 0, 0, 0, 0, 0, 62, 77, 0, 0, 0, 0, 50, 39, 148, 38, 16, 38, 156, 37, 120, 37]
[170, 85, 134, 40, 9, 113, 5, 143, 195, 246, 88, 37, 236, 36, 184, 36, 112, 36, 56, 36, 0, 36, 116, 37, 234, 89, 0, 0, 0, 0, 238, 2, 240, 2, 0, 0, 146, 3, 102, 3, 58, 3, 49, 3, 44, 3, 56, 3, 0, 0, 0, 0, 0, 0, 0, 0, 154, 11, 0, 0, 86, 3, 0, 0, 0, 0, 0, 0, 0, 0, 0, 0, 0, 0, 0, 0, 0, 0, 0, 0, 0, 0, 0, 0, 0, 0, 0, 0, 0, 0]
[170, 85, 14, 33, 211, 143, 123, 168, 201, 85, 0, 0, 0, 0, 0, 0, 0, 0, 0, 0, 0, 0, 0, 0, 0, 0, 0, 0, 0, 0, 0, 0, 0, 0, 0, 0, 0, 0, 0, 0, 0, 0, 0, 0, 0, 0, 154, 8, 165, 8, 176, 8, 188, 8, 204, 8, 224, 8, 0, 0, 0, 0, 0, 0, 0, 0, 0, 0, 0, 0, 218, 6, 0, 0, 0, 0]
[170, 85, 255, 1, 59, 169, 59, 169, 85, 84, 0, 0]
[170, 85, 42, 40, 9, 170, 13, 20, 204, 194, 0, 0, 170, 224, 60, 222, 104, 221, 248, 224, 0, 0, 0, 0, 0, 0, 0, 0, 0, 0, 0, 0, 0, 0, 0, 0, 0, 0, 38, 12, 0, 0, 0, 0, 0, 0, 0, 0, 0, 0, 0, 0, 0, 0, 0, 0, 0, 0, 0, 0, 0, 0, 0, 0, 0, 0, 0, 0, 194, 9, 13, 10, 88, 10, 36, 10, 120, 10, 154, 13, 29, 13, 164, 12, 148, 12, 84, 12, 64, 11]
[170, 85, 66, 40, 217, 20, 229, 50, 90, 108, 20, 11, 228, 10, 24, 11, 216, 10, 168, 10, 88, 10, 12, 10, 12, 10, 16, 10, 32, 10, 60, 10, 88, 10, 0, 0, 0, 0, 0, 0, 0, 0, 0, 0, 182, 30, 0, 0, 100, 29, 0, 0, 0, 0, 12, 20, 240, 19, 0, 20, 184, 19, 116, 19, 168, 17, 236, 16, 14, 14, 0, 0, 0, 0, 0, 0, 0, 0, 0, 0, 0, 0, 0, 0, 96, 13, 0, 0, 210, 37]
[170, 85, 34, 40, 151, 51, 165, 81, 124, 14, 0, 0, 254, 16, 8, 17, 104, 17, 0, 0, 0, 0, 0, 0, 106, 48, 0, 0, 0, 0, 0, 0, 0, 0, 0, 0, 0, 0, 0, 0, 0, 0, 0, 0, 0, 0, 0, 0, 0, 0, 0, 0, 0, 0, 0, 0, 0, 0, 0, 0, 0, 0, 0, 0, 144, 54, 84, 54, 174, 40, 242, 47, 50, 55, 220, 53, 128, 53, 96, 53, 88, 53, 76, 53, 188, 52, 220, 52, 208, 52]
[170, 85, 154, 40, 101, 82, 115, 112, 50, 30, 8, 52, 60, 51, 160, 50, 160, 50, 168, 50, 216, 53, 8, 57, 228, 54, 212, 54, 172, 54, 0, 0, 0, 0, 0, 0, 0, 0, 0, 0, 0, 0, 0, 0, 0, 0, 0, 0, 0, 0, 0, 0, 0, 0, 0, 0, 0, 0, 0, 0, 0, 0, 0, 0, 0, 0, 0, 0, 0, 0, 0, 0, 0, 0, 194, 77, 0, 0, 0, 0, 0, 0, 114, 38, 248, 37, 128, 37, 12, 37]
[170, 85, 134, 40, 65, 113, 61, 143, 178, 252, 252, 36, 236, 36, 176, 36, 104, 36, 48, 36, 0, 0, 0, 0, 82, 90, 10, 3, 244, 2, 244, 2, 244, 2, 0, 0, 162, 3, 118, 3, 82, 3, 50, 3, 44, 3, 64, 3, 0, 0, 0, 0, 0, 0, 0, 0, 70, 11, 40, 11, 0, 0, 0, 0, 0, 0, 0, 0, 0, 0, 0, 0, 0, 0, 0, 0, 0, 0, 0, 0, 0, 0, 0, 0, 0, 0, 0, 0, 0, 0]
[170, 85, 14, 33, 11, 144, 189, 168, 242, 68, 0, 0, 0, 0, 0, 0, 0, 0, 0, 0, 0, 0, 0, 0, 0, 0, 0, 0, 0, 0, 0, 0, 0, 0, 0, 0, 0, 0, 0, 0, 0, 0, 0, 0, 142, 8, 156, 8, 164, 8, 180, 8, 192, 8, 208, 8, 248, 8, 0, 0, 0, 0, 0, 0, 0, 0, 214, 6, 220, 6, 0, 0, 0, 0, 0, 0]
[170, 85, 255, 1, 125, 169, 125, 169, 85, 84, 0, 0]
[170, 85, 42, 40, 75, 170, 59, 20, 49, 196, 174, 222, 121, 222, 68, 222, 72, 222, 0, 0, 0, 0, 0, 0, 0, 0, 0, 0, 0, 0, 230, 2, 0, 0, 0, 0, 0, 0, 0, 0, 0, 0, 0, 0, 0, 0, 0, 0, 0, 0, 0, 0, 0, 0, 0, 0, 0, 0, 0, 0, 0, 0, 0, 0, 0, 0, 0, 0, 206, 9, 148, 9, 224, 9, 44, 10, 0, 0, 154, 13, 220, 12, 184, 12, 148, 12, 56, 12, 56, 11]
[170, 85, 66, 40, 9, 21, 243, 50, 181, 120, 12, 11, 20, 11, 28, 11, 164, 10, 164, 10, 100, 10, 56, 10, 16, 10, 20, 10, 40, 10, 64, 10, 0, 0, 0, 0, 0, 0, 0, 0, 0, 0, 0, 0, 134, 30, 0, 0, 12, 29, 24, 28, 0, 0, 10, 20, 240, 19, 240, 19, 164, 19, 85, 18, 6, 17, 220, 16, 22, 14, 0, 0, 0, 0, 0, 0, 0, 0, 0, 0, 0, 0, 0, 0, 116, 13, 0, 0, 66, 33]
[170, 85, 34, 40, 193, 51, 199, 81, 45, 14, 0, 0, 0, 0, 22, 17, 0, 0, 0, 0, 0, 0, 0, 0, 6, 48, 0, 0, 0, 0, 0, 0, 0, 0, 0, 0, 0, 0, 0, 0, 0, 0, 0, 0, 0, 0, 0, 0, 0, 0, 0, 0, 0, 0, 0, 0, 0, 0, 0, 0, 92, 43, 13, 49, 186, 54, 56, 54, 186, 40, 0, 0, 0, 0, 190, 53, 80, 54, 192, 53, 60, 53, 0, 53, 196, 52, 192, 52, 204, 52]
[170, 85, 154, 40, 135, 82, 141, 112, 87, 63, 4, 49, 216, 49, 172, 50, 156, 50, 156, 50, 232, 56, 136, 55, 40, 54, 140, 54, 220, 54, 0, 0, 0, 0, 0, 0, 0, 0, 0, 0, 0, 0, 0, 0, 0, 0, 0, 0, 0, 0, 0, 0, 0, 0, 0, 0, 0, 0, 0, 0, 0, 0, 0, 0, 0, 0, 0, 0, 0, 0, 0, 0, 0, 0, 30, 78, 0, 0, 0, 0, 250, 38, 109, 38, 228, 37, 108, 37, 4, 37]
[170, 85, 134, 40, 77, 113, 79, 143, 41, 222, 140, 37, 12, 37, 140, 36, 96, 36, 32, 36, 252, 35, 0, 0, 122, 90, 10, 3, 244, 2, 236, 2, 0, 0, 0, 0, 170, 3, 102, 3, 54, 3, 49, 3, 48, 3, 68, 3, 0, 0, 0, 0, 0, 0, 0, 0, 42, 11, 44, 11, 102, 3, 0, 0, 0, 0, 0, 0, 0, 0, 0, 0, 0, 0, 0, 0, 0, 0, 0, 0, 0, 0, 0, 0, 0, 0, 0, 0, 0, 0]
[170, 85, 14, 33, 27, 144, 219, 168, 136, 74, 0, 0, 0, 0, 0, 0, 0, 0, 0, 0, 0, 0, 0, 0, 0, 0, 0, 0, 0, 0, 0, 0, 0, 0, 0, 0, 0, 0, 0, 0, 0, 0, 0, 0, 150, 8, 156, 8, 168, 8, 180, 8, 196, 8, 212, 8, 0, 0, 0, 0, 0, 0, 0, 0, 0, 0, 234, 6, 0, 0, 0, 0, 0, 0, 0, 0]
[170, 85, 255, 1, 155, 169, 155, 169, 85, 84, 0, 0]
[170, 85, 42, 40, 91, 170, 109, 20, 45, 195, 246, 222, 36, 222, 140, 222, 244, 222, 0, 0, 0, 0, 0, 0, 0, 0, 0, 0, 0, 0, 238, 2, 0, 0, 0, 0, 66, 12, 0, 0, 0, 0, 0, 0, 0, 0, 0, 0, 0, 0, 0, 0, 0, 0, 0, 0, 0, 0, 0, 0, 0, 0, 0, 0, 0, 0, 0, 0, 174, 9, 156, 9, 124, 10, 85, 12, 50, 14, 160, 13, 212, 12, 148, 12, 92, 12, 32, 12, 40, 11]
[170, 85, 66, 40, 57, 21, 69, 51, 155, 72, 0, 11, 248, 10, 208, 10, 164, 10, 108, 10, 44, 10, 12, 10, 16, 10, 24, 10, 48, 10, 72, 10, 112, 10, 0, 0, 0, 0, 0, 0, 0, 0, 14, 31, 0, 0, 0, 0, 140, 28, 216, 27, 114, 20, 33, 20, 212, 19, 196, 19, 148, 19, 120, 19, 0, 0, 0, 0, 36, 14, 0, 0, 0, 0, 0, 0, 0, 0, 0, 0, 0, 0, 0, 0, 0, 0, 130, 35, 156, 39]
[170, 85, 34, 40, 247, 51, 253, 81, 1, 42, 0, 0, 234, 16, 0, 0, 0, 0, 0, 0, 0, 0, 0, 0, 0, 0, 0, 0, 0, 0, 0, 0, 0, 0, 0, 0, 0, 0, 0, 0, 0, 0, 0, 0, 0, 0, 0, 0, 0, 0, 0, 0, 0, 0, 0, 0, 186, 41, 0, 0, 48, 43, 0, 0, 0, 0, 10, 54, 194, 40, 0, 0, 238, 53, 157, 53, 76, 53, 52, 56, 248, 52, 212, 52, 192, 52, 172, 52, 96, 52]
[170, 85, 154, 40, 189, 82, 197, 112, 166, 94, 24, 53, 180, 50, 164, 50, 152, 50, 184, 50, 148, 56, 248, 56, 188, 55, 128, 54, 104, 54, 0, 0, 0, 0, 0, 0, 0, 0, 0, 0, 0, 0, 0, 0, 0, 0, 0, 0, 0, 0, 0, 0, 0, 0, 0, 0, 0, 0, 0, 0, 0, 0, 0, 0, 0, 0, 0, 0, 0, 0, 0, 0, 0, 0, 0, 0, 0, 0, 62, 39, 200, 38, 68, 38, 204, 37, 84, 37, 212, 36]
[170, 85, 134, 40, 133, 113, 157, 143, 237, 129, 32, 37, 224, 36, 148, 36, 72, 36, 28, 36, 104, 36, 0, 0, 0, 0, 2, 3, 236, 2, 236, 2, 0, 3, 89, 3, 178, 3, 62, 3, 49, 3, 45, 3, 0, 0, 0, 0, 0, 0, 0, 0, 0, 0, 0, 0, 38, 11, 92, 11, 0, 0, 0, 0, 0, 0, 0, 0, 0, 0, 0, 0, 0, 0, 0, 0, 0, 0, 0, 0, 0, 0, 0, 0, 0, 0, 0, 0, 0, 0]
[170, 85, 14, 32, 105, 144, 69, 168, 196, 77, 0, 0, 0, 0, 0, 0, 0, 0, 0, 0, 0, 0, 0, 0, 0, 0, 0, 0, 0, 0, 0, 0, 0, 0, 0, 0, 0, 0, 0, 0, 0, 0, 0, 0, 0, 0, 162, 8, 172, 8, 184, 8, 200, 8, 0, 0, 0, 0, 0, 0, 0, 0, 0, 0, 0, 0, 238, 6, 220, 6, 0, 0, 0, 0]
[170, 85, 255, 1, 19, 169, 19, 169, 85, 84, 0, 0]
[170, 85, 42, 40, 211, 169, 229, 19, 87, 196, 206, 218, 40, 223, 40, 223, 104, 222, 0, 0, 0, 0, 0, 0, 0, 0, 0, 0, 0, 0, 0, 0, 0, 0, 0, 0, 0, 0, 0, 0, 0, 0, 0, 0, 0, 0, 0, 0, 0, 0, 0, 0, 0, 0, 0, 0, 0, 0, 0, 0, 0, 0, 0, 0, 150, 5, 0, 0, 0, 0, 174, 9, 28, 10, 96, 10, 84, 10, 221, 11, 106, 13, 196, 12, 148, 12, 124, 12, 204, 11]
[170, 85, 66, 40, 163, 20, 161, 50, 140, 94, 32, 11, 232, 10, 12, 11, 20, 11, 176, 10, 76, 10, 12, 10, 8, 10, 16, 10, 32, 10, 52, 10, 76, 10, 148, 10, 0, 0, 0, 0, 0, 0, 0, 0, 242, 30, 128, 29, 236, 28, 92, 28, 152, 27, 18, 20, 236, 19, 208, 19, 184, 19, 128, 19, 132, 19, 250, 16, 154, 15, 58, 14, 0, 0, 0, 0, 0, 0, 0, 0, 0, 0, 0, 0, 0, 0, 0, 0, 0, 0]
[170, 85, 34, 40, 109, 51, 117, 81, 164, 66, 166, 39, 106, 18, 172, 16, 68, 17, 156, 16, 244, 15, 0, 0, 0, 0, 0, 0, 0, 0, 0, 0, 0, 0, 0, 0, 0, 0, 0, 0, 0, 0, 0, 0, 0, 0, 0, 0, 0, 0, 146, 64, 0, 0, 0, 0, 0, 0, 0, 0, 0, 0, 222, 42, 0, 0, 66, 54, 10, 48, 206, 41, 70, 56, 8, 54, 176, 53, 240, 54, 48, 56, 160, 53, 148, 52, 236, 52, 84, 51]
[170, 85, 154, 40, 67, 82, 73, 112, 30, 62, 192, 49, 240, 52, 204, 50, 152, 50, 4, 51, 108, 51, 248, 56, 0, 0, 248, 54, 200, 54, 152, 54, 0, 0, 0, 0, 0, 0, 0, 0, 0, 0, 0, 0, 0, 0, 0, 0, 0, 0, 0, 0, 0, 0, 0, 0, 0, 0, 0, 0, 0, 0, 0, 0, 0, 0, 0, 0, 0, 0, 0, 0, 0, 0, 46, 77, 0, 0, 0, 0, 54, 39, 144, 38, 16, 38, 152, 37, 120, 37]
[170, 85, 134, 40, 9, 113, 23, 143, 69, 244, 88, 37, 240, 36, 188, 36, 116, 36, 60, 36, 4, 36, 100, 37, 62, 90, 10, 3, 250, 2, 238, 2, 244, 2, 0, 0, 162, 3, 106, 3, 54, 3, 45, 3, 44, 3, 64, 3, 0, 0, 0, 0, 0, 0, 0, 0, 118, 11, 0, 0, 86, 3, 0, 0, 0, 0, 0, 0, 0, 0, 0, 0, 0, 0, 0, 0, 0, 0, 0, 0, 0, 0, 0, 0, 0, 0, 0, 0, 0, 0]
[170, 85, 14, 33, 215, 143, 147, 168, 33, 85, 0, 0, 0, 0, 0, 0, 0, 0, 0, 0, 0, 0, 0, 0, 0, 0, 0, 0, 0, 0, 0, 0, 0, 0, 0, 0, 0, 0, 0, 0, 0, 0, 0, 0, 0, 0, 158, 8, 165, 8, 176, 8, 188, 8, 204, 8, 224, 8, 0, 0, 0, 0, 0, 0, 0, 0, 0, 0, 0, 0, 218, 6, 0, 0, 0, 0]
[170, 85, 255, 1, 97, 169, 97, 169, 85, 84, 0, 0]
[170, 85, 42, 40, 35, 170, 33, 20, 58, 203, 0, 0, 98, 224, 96, 222, 152, 221, 168, 224, 0, 0, 0, 0, 0, 0, 0, 0, 0, 0, 0, 0, 0, 0, 0, 0, 0, 0, 38, 12, 0, 0, 0, 0, 0, 0, 0, 0, 0, 0, 0, 0, 0, 0, 0, 0, 0, 0, 0, 0, 0, 0, 0, 0, 0, 0, 0, 0, 34, 10, 65, 10, 100, 10, 52, 10, 0, 0, 158, 13, 37, 13, 168, 12, 148, 12, 88, 12, 64, 11]
[170, 85, 66, 40, 223, 20, 229, 50, 16, 108, 16, 11, 228, 10, 24, 11, 204, 10, 164, 10, 88, 10, 8, 10, 8, 10, 12, 10, 28, 10, 52, 10, 80, 10, 0, 0, 0, 0, 0, 0, 0, 0, 0, 0, 182, 30, 0, 0, 108, 29, 0, 0, 0, 0, 12, 20, 236, 19, 8, 20, 192, 19, 124, 19, 176, 17, 240, 16, 14, 14, 0, 0, 0, 0, 0, 0, 0, 0, 0, 0, 0, 0, 0, 0, 96, 13, 0, 0, 202, 37]
[170, 85, 34, 40, 165, 51, 159, 81, 212, 15, 0, 0, 2, 17, 8, 17, 100, 17, 0, 0, 0, 0, 0, 0, 66, 48, 0, 0, 0, 0, 0, 0, 0, 0, 0, 0, 0, 0, 0, 0, 0, 0, 0, 0, 0, 0, 0, 0, 0, 0, 0, 0, 0, 0, 0, 0, 0, 0, 0, 0, 0, 0, 0, 0, 144, 54, 76, 54, 186, 40, 246, 47, 54, 55, 204, 53, 144, 53, 108, 53, 92, 53, 76, 53, 192, 52, 208, 52, 220, 52]
[170, 85, 154, 40, 107, 82, 115, 112, 72, 31, 12, 52, 60, 51, 156, 50, 156, 50, 152, 50, 192, 53, 232, 56, 204, 54, 216, 54, 176, 54, 0, 0, 0, 0, 0, 0, 0, 0, 0, 0, 0, 0, 0, 0, 0, 0, 0, 0, 0, 0, 0, 0, 0, 0, 0, 0, 0, 0, 0, 0, 0, 0, 0, 0, 0, 0, 0, 0, 0, 0, 0, 0, 0, 0, 186, 77, 0, 0, 0, 0, 0, 0, 130, 38, 244, 37, 132, 37, 12, 37]
[170, 85, 134, 40, 65, 113, 65, 143, 92, 253, 0, 37, 244, 36, 168, 36, 104, 36, 44, 36, 0, 0, 0, 0, 90, 90, 10, 3, 240, 2, 244, 2, 248, 2, 0, 0, 170, 3, 98, 3, 70, 3, 46, 3, 48, 3, 78, 3, 0, 0, 0, 0, 0, 0, 0, 0, 50, 11, 40, 11, 0, 0, 0, 0, 0, 0, 0, 0, 0, 0, 0, 0, 0, 0, 0, 0, 0, 0, 0, 0, 0, 0, 0, 0, 0, 0, 0, 0, 0, 0]
[170, 85, 14, 33, 255, 143, 193, 168, 190, 93, 0, 0, 0, 0, 0, 0, 0, 0, 0, 0, 0, 0, 0, 0, 0, 0, 0, 0, 0, 0, 0, 0, 0, 0, 0, 0, 0, 0, 0, 0, 0, 0, 0, 0, 146, 8, 156, 8, 164, 8, 180, 8, 192, 8, 208, 8, 252, 8, 0, 0, 0, 0, 0, 0, 0, 0, 214, 6, 0, 0, 0, 0, 0, 0, 0, 0]
[170, 85, 255, 1, 141, 169, 141, 169, 85, 84, 0, 0]
[170, 85, 42, 40, 77, 170, 87, 20, 99, 203, 174, 222, 253, 222, 76, 223, 180, 222, 0, 0, 0, 0, 0, 0, 0, 0, 0, 0, 0, 0, 230, 2, 0, 0, 0, 0, 0, 0, 0, 0, 0, 0, 0, 0, 0, 0, 0, 0, 0, 0, 0, 0, 0, 0, 0, 0, 0, 0, 0, 0, 0, 0, 0, 0, 0, 0, 0, 0, 182, 9, 136, 9, 220, 9, 52, 10, 62, 14, 160, 13, 216, 12, 180, 12, 144, 12, 48, 12, 48, 11]
[170, 85, 66, 40, 21, 21, 13, 51, 83, 117, 8, 11, 16, 11, 28, 11, 160, 10, 156, 10, 92, 10, 52, 10, 12, 10, 16, 10, 36, 10, 60, 10, 0, 0, 0, 0, 0, 0, 0, 0, 0, 0, 0, 0, 122, 30, 0, 0, 232, 28, 8, 28, 0, 0, 6, 20, 244, 19, 228, 19, 160, 19, 81, 18, 2, 17, 208, 16, 26, 14, 0, 0, 0, 0, 0, 0, 0, 0, 0, 0, 0, 0, 0, 0, 0, 0, 0, 0, 66, 33]
[170, 85, 34, 40, 193, 51, 205, 81, 91, 16, 0, 0, 0, 0, 26, 17, 0, 0, 0, 0, 0, 0, 0, 0, 222, 47, 0, 0, 0, 0, 0, 0, 0, 0, 0, 0, 0, 0, 0, 0, 0, 0, 0, 0, 0, 0, 0, 0, 0, 0, 0, 0, 0, 0, 0, 0, 0, 0, 0, 0, 96, 43, 13, 49, 186, 54, 72, 54, 198, 40, 0, 0, 0, 0, 202, 53, 68, 54, 200, 53, 64, 53, 252, 52, 184, 52, 192, 52, 192, 52]
[170, 85, 154, 40, 155, 82, 141, 112, 171, 63, 4, 49, 220, 49, 180, 50, 152, 50, 152, 50, 220, 56, 120, 55, 16, 54, 140, 54, 212, 54, 0, 0, 0, 0, 0, 0, 0, 0, 0, 0, 0, 0, 0, 0, 0, 0, 0, 0, 0, 0, 0, 0, 0, 0, 0, 0, 0, 0, 0, 0, 0, 0, 0, 0, 0, 0, 0, 0, 0, 0, 0, 0, 0, 0, 30, 78, 0, 0, 0, 0, 242, 38, 109, 38, 232, 37, 108, 37, 8, 37]
[170, 85, 134, 40, 91, 113, 101, 143, 99, 218, 144, 37, 16, 37, 140, 36, 96, 36, 28, 36, 0, 36, 0, 0, 166, 90, 6, 3, 240, 2, 236, 2, 0, 0, 0, 0, 174, 3, 78, 3, 53, 3, 48, 3, 48, 3, 0, 0, 0, 0, 0, 0, 0, 0, 0, 0, 38, 11, 44, 11, 98, 3, 0, 0, 0, 0, 0, 0, 0, 0, 0, 0, 0, 0, 0, 0, 0, 0, 0, 0, 0, 0, 0, 0, 0, 0, 0, 0, 0, 0]
[170, 85, 14, 33, 37, 144, 205, 168, 164, 67, 0, 0, 0, 0, 0, 0, 0, 0, 0, 0, 0, 0, 0, 0, 0, 0, 0, 0, 0, 0, 0, 0, 0, 0, 0, 0, 0, 0, 0, 0, 0, 0, 0, 0, 146, 8, 156, 8, 168, 8, 180, 8, 196, 8, 212, 8, 8, 9, 0, 0, 0, 0, 0, 0, 0, 0, 226, 6, 0, 0, 0, 0, 0, 0, 0, 0]
[170, 85, 255, 1, 141, 169, 141, 169, 85, 84, 0, 0]
[170, 85, 42, 40, 91, 170, 95, 20, 33, 206, 174, 222, 24, 222, 140, 222, 0, 223, 0, 0, 0, 0, 0, 0, 0, 0, 0, 0, 0, 0, 234, 2, 0, 0, 0, 0, 0, 0, 0, 0, 0, 0, 0, 0, 0, 0, 0, 0, 0, 0, 0, 0, 0, 0, 0, 0, 0, 0, 0, 0, 0, 0, 0, 0, 0, 0, 0, 0, 186, 9, 144, 9, 148, 10, 93, 12, 42, 14, 164, 13, 212, 12, 152, 12, 92, 12, 36, 12, 44, 11]
[170, 85, 66, 40, 29, 21, 29, 51, 6, 115, 0, 11, 240, 10, 204, 10, 164, 10, 132, 10, 56, 10, 8, 10, 12, 10, 16, 10, 40, 10, 68, 10, 104, 10, 0, 0, 0, 0, 0, 0, 0, 0, 0, 0, 0, 0, 0, 0, 178, 28, 240, 27, 122, 20, 49, 20, 232, 19, 204, 19, 152, 19, 108, 19, 25, 18, 198, 16, 30, 14, 0, 0, 0, 0, 0, 0, 0, 0, 0, 0, 0, 0, 0, 0, 0, 0, 194, 34, 0, 0]
[170, 85, 34, 40, 233, 51, 227, 81, 141, 57, 0, 0, 234, 16, 0, 0, 0, 0, 0, 0, 0, 0, 0, 0, 0, 0, 0, 0, 0, 0, 0, 0, 0, 0, 0, 0, 0, 0, 0, 0, 0, 0, 0, 0, 0, 0, 0, 0, 0, 0, 0, 0, 0, 0, 0, 0, 0, 0, 0, 0, 94, 43, 0, 0, 0, 0, 42, 54, 194, 40, 0, 0, 46, 54, 233, 53, 160, 53, 0, 0, 248, 52, 8, 53, 216, 52, 172, 52, 176, 52]
[170, 85, 154, 40, 175, 82, 169, 112, 88, 120, 84, 52, 196, 50, 168, 50, 140, 50, 156, 50, 184, 56, 172, 56, 152, 55, 132, 54, 144, 54, 0, 0, 0, 0, 0, 0, 0, 0, 0, 0, 0, 0, 0, 0, 0, 0, 0, 0, 0, 0, 0, 0, 0, 0, 0, 0, 0, 0, 0, 0, 0, 0, 0, 0, 0, 0, 0, 0, 0, 0, 0, 0, 0, 0, 0, 0, 0, 0, 0, 0, 234, 38, 76, 38, 212, 37, 88, 37, 244, 36]
[170, 85, 134, 40, 119, 113, 129, 143, 113, 130, 96, 37, 232, 36, 160, 36, 88, 36, 24, 36, 16, 36, 0, 0, 0, 0, 2, 3, 240, 2, 236, 2, 0, 3, 89, 3, 178, 3, 66, 3, 49, 3, 45, 3, 0, 0, 0, 0, 0, 0, 0, 0, 0, 0, 0, 0, 38, 11, 52, 11, 106, 3, 0, 0, 0, 0, 0, 0, 0, 0, 0, 0, 0, 0, 0, 0, 0, 0, 0, 0, 0, 0, 0, 0, 0, 0, 0, 0, 0, 0]
[170, 85, 14, 33, 65, 144, 243, 168, 190, 74, 0, 0, 0, 0, 0, 0, 0, 0, 0, 0, 0, 0, 0, 0, 0, 0, 0, 0, 0, 0, 0, 0, 0, 0, 0, 0, 0, 0, 0, 0, 0, 0, 0, 0, 0, 0, 158, 8, 168, 8, 180, 8, 196, 8, 0, 0, 0, 0, 0, 0, 0, 0, 0, 0, 0, 0, 238, 6, 0, 0, 0, 0, 0, 0, 0, 0]
[170, 85, 255, 1, 181, 169, 181, 169, 85, 84, 0, 0]